100177
186899
103216
159457
182844
152399
160005
149499
164151
107131
167470
175508
168733
179583
131238
161183
137048
122996
154004
147362
149730
184980
158267
108551
166142
126607
115476
170376
191586
197259
130657
140348
164577
165673
150656
149389
133736
123146
199687
118926
143921
197884
111942
198882
135819
119766
116938
145557
112516
149813
160851
112195
125306
129580
188473
119965
178818
183341
152309
144063
195731
123053
155335
174224
105106
100512
186547
134059
171898
192708
101914
106195
100873
192303
152527
115388
156199
142403
141259
166709
168268
197755
181923
124404
198134
172475
165617
117492
154142
117091
130787
150815
185135
138146
140071
103075
139389
100723
132082
144935
