1199
1016
1831
1733
1324
1265
1662
1583
1506
1411
1154
1268
1038
1354
1618
1542
1070
1383
1216
1923
1754
1272
1879
1116
1719
1104
1125
1098
1730
1699
1770
1280
1412
1077
1247
1000
1286
1412
1705
1240
1907
1323
1975
1446
1549
1209
1298
1436
1512
1967
1583
1086
1603
1972
1628
1108
1987
1335
1201
1730
1896
1416
1055
1104
1855
1069
1202
1665
1663
1356
1739
1335
1026
1013
1294
1392
1414
1930
1119
1167
1948
1384
1822
1285
1985
1875
1494
1211
1716
1444
1088
1803
1979
1906
1375
1423
1004
1371
1958
1369
