27464320
27932076
27630850
27863171
27989537
27495152
27188153
27094361
27004537
27730034
27248111
27772396
27028530
27487578
27628638
27432503
27002246
27180304
27560970
27360870
27222223
27087080
27690630
27949377
27111277
27631765
27474728
27783157
27040055
27153507
27483544
27418319
27659724
27459243
27069741
27906644
27792786
27946473
27351789
27810590
27206270
27514707
27824393
27932574
27131633
27387408
27498778
27609035
27457200
27291001
27583890
27696333
27718176
27589015
27368632
27866926
27431944
27253732
27999380
27058288
27338021
27337672
27134193
27079244
27815299
27991465
27692379
27466034
27668893
27455697
27455205
27498838
27724833
27799780
27853207
27550319
27838790
27364773
27529869
27660982
27888496
27113549
27889486
27570383
27549218
27248441
27623517
27087937
27792420
27264460
27780427
27247156
27780880
27052089
27002811
27460657
27036049
27867462
27070264
27032188
27541185
27493025
27597912
27051916
27195130
27570960
27221676
27032330
27619508
27354956
27452624
27039824
27829821
27594111
27970241
27533843
27113158
27280255
27719737
27092826
27127971
27499241
27692506
27063016
27975345
27518384
27073253
27964132
27707578
27742406
27405876
27838490
27281098
27798423
27605684
27957088
27449446
27210839
27242593
27927566
27749366
27934848
27117241
27367548
27765326
27105907
27407353
27195397
27402947
27844739
27887804
27026871
27395921
27209081
27045505
27960423
27391565
27711187
27099821
27972782
27268111
27950937
27797003
27230422
27407197
27289973
27885389
27556869
27043946
27991869
27406137
27598129
27083279
27962114
27227243
27219592
27567117
27223116
27237771
27528071
27503096
27231888
27460652
27456058
27722812
27499102
27333747
27311980
27728345
27669376
27659357
27149828
27103880
27984548
27524362
27783756
27872402
27047564
27998510
27955402
27238108
27413535
27984206
27327479
27771686
27882682
27240131
27921631
27013810
27935966
27476123
27428008
27055504
27415102
27372093
27928514
27785999
27361562
27122419
27270463
27855890
27400087
27056736
27143847
27848188
27707234
27337744
27682695
27265696
27505916
27649995
27438502
27213145
27570184
27050424
27753215
27904492
27324004
27314060
27551272
27714583
27944318
27383134
27574571
27236944
27218972
27849041
27093230
27987484
27505216
27787993
27799158
27081403
27373278
27450060
27025954
27832028
27325948
27159244
27747115
27104544
27267404
27301654
27932850
27450772
27579136
27695321
27859370
27967465
27918127
27857988
27783238
27559231
27925319
27299958
27968203
27742534
27196530
27364778
27126060
27898724
27894602
27597999
27052128
27189302
27553626
27032027
27206098
27640595
27462204
27465307
27335750
27130278
27152566
27372374
27376884
27668880
27022620
27707713
27788206
27521042
27637186
27314792
27888724
27104282
27037583
27651148
27537806
27601356
27388593
27321757
27844058
27232383
27044482
27235143
27443398
27575010
27105414
27364416
27701535
27329246
27355501
27941183
27287889
27649627
27787890
27447573
27346401
27588519
27273797
27447491
27292670
27218499
27273527
27857616
27776582
27806887
27091565
27942955
27539072
27592800
27489110
27978499
27492695
27127237
27485805
27853665
27007134
27495776
27246703
27230423
27111020
27332357
27064159
27188023
27606998
27917297
27364967
27897723
27702284
27187729
27424081
27338557
27602860
27402756
27863056
27184316
27484820
27922200
27823336
27158740
27976373
27173506
27499023
27492751
27686935
27453338
27676040
27489879
27673724
27245510
27762027
27604606
27369626
27889206
27742924
27278473
27518547
27052815
27264102
27132638
27977433
27156872
27831929
27510212
27516568
27897867
27000313
27884551
27032873
27529417
27440598
27854113
27086990
27195913
27533901
27780119
27216714
27279599
27924569
27618677
27861393
27156042
27016497
27306888
27969408
27693778
27936420
27056386
27711887
27720133
27439360
27014099
27257451
27721953
27049096
27153362
27667569
27497480
27572409
27206836
27175564
27963301
27902373
27288151
27594460
27396438
27605187
27419900
27052575
27325464
27598562
27606475
27681434
27807067
27700388
27081492
27157680
27796035
27794398
27171917
27320137
27033233
27714483
27655717
27623996
27640828
27139064
27240028
27162862
27289079
27279214
27724890
27740522
27487682
27749885
27286328
27364399
27027360
27520736
27447108
27136743
27140187
27051789
27611559
27150933
27291409
27197241
27729503
27109429
27950178
27116878
27448240
27561124
27494170
27919701
27945604
27423297
27026131
27704088
27140929
27146692
27825572
27895360
27318388
27453536
27627615
27531791
27127561
27506203
