8970
5873
8007
6208
7404
3516
2425
7221
9544
5357
9626
4968
4571
6795
1350
8830
4165
7795
4671
9577
6179
1351
1581
2521
1587
5220
7061
7861
6959
9064
8834
2169
9718
1683
9332
1095
4043
2095
5406
9328
3148
4893
8252
9767
4376
8704
1130
4399
7928
2602
2631
8511
4626
4011
7677
7936
2591
9849
8999
5662
7576
4796
6478
5805
2203
9207
7417
9758
9292
6874
2430
6592
4291
2430
6418
9447
9752
9291
4321
4357
3862
4073
5945
5886
3415
1580
3082
2323
8316
6221
7684
4465
4105
5158
3437
4098
8471
8875
4753
3291
7855
4479
2590
4037
3697
6050
7267
4500
2562
6853
5017
1268
7480
5288
2343
1554
5190
9451
5723
4255
4864
5385
1639
2099
9779
5487
7539
6921
9602
1504
2428
4548
3052
8396
7828
4724
6694
5655
6672
2173
6359
6001
2371
7920
9230
4976
9654
4601
7652
3426
1849
6167
1817
2770
3866
6557
3592
6632
5562
1464
6858
6881
2651
7498
3518
4189
8527
4167
3775
5953
7998
6509
8934
6387
6266
9567
4656
8101
3054
8472
5487
2980
8216
8477
1107
4962
7899
8085
5237
2317
8640
9372
8107
7186
7907
5000
7111
3408
7466
1242
