1000 1004 1003 5579
1001 1004 9534 1005
1001 1008 1001 1002
1004 1003 1000 1005
1000 1003 1003 1003
1003 1002 1001 1006
1009 1007 1000 1009
1001 1007 1003 1007
1000 4315 1001 1007
1002 1009 1004 1000
2888 1006 1006 1004
1001 1006 1001 6670
1009 1007 1009 1003
1008 1000 1000 1009
1006 1009 1007 1007
2561 1005 1001 8814
1002 1008 1000 1006
1006 1002 1008 1004
1004 1001 1008 1001
1008 1002 1006 1004
1003 1006 1009 1005
1009 1000 1008 1003
1000 1002 1008 1003
9788 1006 1006 3251
1008 1009 5675 1006
1004 1005 1004 1003
1002 8381 1008 1005
1001 1009 1007 6943
1000 1001 1004 1009
6471 2419 1001 1008
1006 5890 1006 1001
1000 1009 1000 1001
1009 1004 1001 1000
1005 1007 5769 1007
5788 1007 1005 1009
1008 1002 1008 1002
1004 1005 1000 4935
1003 1003 1008 1005
1002 1002 1005 1001
1000 1006 1008 1005
1009 1003 1004 1006
1005 1006 1000 1003
1009 2645 1007 1009
1007 1007 1007 1001
1005 1002 1009 1006
1004 1000 1004 1001
1007 1001 1003 2684
1004 1006 1003 1003
1005 1001 1007 1006
1005 1002 1002 1003
