90 83 58 36
66 98 42 74
71 77 27 92
47 72 15 99
16 45 68 35
28 77 39 23
17 20 78 72
82 82 49 44
20 72 19 13
71 75 41 49
57 88 35 58
19 35 48 30
51 30 54 91
40 14 29 25
28 92 85 76
39 51 18 41
84 85 71 15
21 17 24 43
79 99 61 65
81 60 62 97
52 26 48 98
42 29 16 37
94 36 68 63
53 93 31 78
45 43 80 32
60 26 43 34
87 61 47 69
79 27 47 32
32 22 14 25
20 70 66 64
65 95 76 32
94 50 78 34
21 63 53 81
54 23 89 10
19 86 45 67
86 33 18 37
92 73 54 93
66 36 87 70
42 44 85 97
76 53 57 10
70 89 12 73
16 20 40 13
82 89 46 28
27 42 13 68
69 20 53 58
28 94 31 43
18 87 38 43
38 31 45 50
34 69 44 83
32 66 24 84
52 12 52 64
40 24 83 69
92 23 10 29
26 36 61 18
38 19 11 26
86 56 14 54
51 33 91 33
95 59 56 41
46 62 96 51
79 90 91 59
81 40 42 63
13 82 62 23
55 36 60 12
77 25 38 72
68 80 55 24
77 15 27 90
98 10 78 37
99 81 59 97
46 15 29 18
14 49 16 85
22 89 11 45
80 90 26 25
75 84 56 11
91 31 67 96
48 70 41 14
34 49 19 56
75 97 30 22
55 61 46 30
57 33 67 30
38 67 44 16
75 15 34 39
23 24 37 17
94 84 40 39
17 80 93 28
46 65 50 93
73 52 21 74
65 41 87 22
88 58 21 74
39 12 88 25
64 33 11 63
22 74 44 48
86 35 71 21
76 95 96 12
35 59 79 13
47 98 37 57
31 62 17 88
60 64 29 27
95 55 96 99
11 73 83 50
