1111111111111111111111100000000000000000000000000000000000000000000000000000000000000000000000000000000000000000000000000001110011111111111111
1012222222222222222111100000000000000000000000000000000000000000000000000000000000000000000000000000000000000000000000000001211112222222222101
1112222222222222222101100000000000000000000000000000000000000000000000011000000000000000000000000000000000000000000000000111222222222222222111
1222222222222222222110000000000000000000000000000000000000000000000011011100000000000000000000000000000000000000000000000122222222222222222221
1222222222222222221111000000000000000000000000000000000000000110001111112110000000000000000000000000000000000000000000011122222222222222222221
1222222222222222221011000000000000000000000000000000000000000111011222222210000000000000000000000000000000000000000000010122222222222222222221
1222222222222222221110000000000000000000000000000000000000011121012222222211100001111000000000000000000000000000000000001122222222222222222221
1222222222222222221100000000000000000000000000000000000000112221112222222222100011221100001111100000000000000000000000001222222222222222222221
1222222222222222221000000000000000000000000000000000000000012222222222222222111112222111101222100000000000000000000000001122222222222222222221
1222222222222222221100000000000000000000000000000000000111112222222222222222222222222221011222100000000000000000000000000112222222222222222221
1222222222222222221000000000000000000000000000000000000012222222222222222222222222222221112222100000000000000000000000000012222222222222222221
1222222222222211111000000000000000000000000000000000000012222222222222222222222222222222222222100000000000000000000000001112222222222222222221
1222222222222210100000000000000000000000000000000000000012222222222222222222222222222222222222100000000000000000000000001112222222222222222221
1222222222222210000000000000000000000000000000000000000012222222222222222222222222222222222211100000000000000000000000000012222222222222222221
1222222222222210000000000000000000000000000000000000001112222222222222222222222222222222222210000000000000000000000000000011222222222222222221
1222222222222210000000000000000000000000000000000000001222222222222222222222222222222222222211110000000000000000000000000001222222222222222111
1222211122222211000000000000000000000000000000000000001222222222222222222222222222222222222222210000000000000000000000000001122222222222222100
1222210122222221100000000000000000000000000000000000001222222222222222222222222222222222222222210000000000000000000000000000111222222222222100
1222210111211122100000000000000000000000000000000000001222222222222222222222222222222222222222210000000000000000000000000000001112222222221100
1222110101110111100000000000000000000000000000000000001222222222222222222222222222222222222222210000000000000000000000000000000012222221111000
1221100000000000000000000000000000000000000000000001111222222222222222222222222222222222222222110000000000000000000000000000000011111111000000
1111000000000000000000000000000000000000000000000011222222222222222222222222222222222222222211100000000000000000000000000000000000001001000000
0110000000000000000000000000000000000000000000000012222222222222222211111111222222222222222210000000000000000000000000000000000000000001000000
1110000000000000000000000000000000000000000000000012222222222222222110000001122222222222222211100000000000000000000000000000000000000000000000
1000000000000000000000000000000000000000000000000012222222222222221101111110112222222222222221000000000000000000000000000000000000000000000000
0000000000000000000000000000000000000000000000000112222222222222221011100111012222222222222221000000000000000000000000000000000000000000000000
0000000000000000000000000000000000000000000000000012222222222222221011100111012222222222222221000000000000000000000000000000000000000000000000
0000000000000000000000000000000000000000000000001112222222222222221101111110112222222222211111000000000000000000000000000000000000000000000000
0110000000000000000000000000000000000000000000001122222222222222222110000001122222222222210110000000000000000000000000000000000000000000000000
0011000000000000000000000000000000000000000000000122222222222222222211111111222222222222211100000000000000000000000000000000000000000000000000
0011000000001000110000000000000000000000000000000122222222222222222222222222222222222222221110000000000000000000000000000000000000000000000000
0011000000111111100000000000000000000000000000000122222222222222222222222222222222222222111010000000000000000000000000000000000000000000000000
0111101001122222100000000000000000000000000000111122222222222222222222222222222222222222100000000000000000000000000000000000000000000000000000
1122101001222222100000000000000000000000000000122222222222222222222222222222222222222222111110000000000000000000000000000000000000000000000000
1222111111222222100000000000000000000000000000122222222222222222222222222222222222222222222110000000000000000000000000000000000100000000000000
1222222222222222100000000000000000000000000001122222222222222222222222222222222222222222222100000000000000000000000000000000011100000011100001
1222222222222222100000000000000000000000000011112222222222222222222222222222222222222222111110000000000000000000000000000000112110111112111111
1222222222222222110000000000000000000000000011012222222222222222222222222222222222222222100000000000000000000000000000000000122211110012222221
1222222222222211110000000000000000000000000001112222222222222222222222222222222222222222100000000000000000000000000000000000111222100112222221
1222222222222210110000000000000000000000000001122222222222222222222222222222222222222222100000000000000000000000000000000000001222111122222221
1222222222222210010000000000000000000000000000111122211112222222222222222222222221111221100000000000000000000000000000000000001222222222222221
1222222222222210000000000000000000000000000000100111110012222222222222222222222221001221000000000000000000000000000000000001001222222222222221
1222222222222211100000000000000000000000000000000000101112222222222222222221112221111121000000000000000000000000000000000011111222222222222221
1222222222222222100000000000000000000000000000000000001111222222222222222221012221100111100000000000000000000000000000000000122222222222222221
1222222222222222111000000000000000000000000000000000000001112222222222222221012111000011100000000000000000000000000000000000112222222222222221
1222222222222222221000000000000000000000000000000000000000011222221111111221011101000000000000000000000000000000000000000000012222222222222221
1222222222222222221110000000000000000000000000000000000000001111111010101111010001000000000000000000000000000000000000000000012222222222222221
1222222222222222222111100000000000000000000000000000000000000010010000000001000000000000000000000000000000000000000000000000112222222222222221
1222222222222222221100000000000000000000000000000000000000000000000000000000000000000000000000000000000000000000000000000000012222222222222221
1112222222222222211000000000000000000000000000000000000000000000000000000000000000000000000000000000000000000000000000000000011222222222222111
1012222222222221110000000000000000000000000000000000000000000000000000000000000000000000000000000000000000000000000000000000001222222222222101
1111111111111111000000000000000000000000000000000000000000000000000000000000000000000000000000000000000000000000000000000000001111111111111111
=========================================================
1111111111111111111111100000000000000000000000000000000000000000000000000000000000000000000000000000000000000000000000000001110011111111111111
1012222222222222222111100000000000000000000000000000000000000000000000000000000000000000000000000000000000000000000000000001211112222222222101
1112333333333333332101100000000000000000000000000000000000000000000000011000000000000000000000000000000000000000000000000111222222333333332111
1222333333333333322110000000000000000000000000000000000000000000000011011100000000000000000000000000000000000000000000000122233333333333332221
1233333333333333321111000000000000000000000000000000000000000110001111112110000000000000000000000000000000000000000000011123333333333333333321
1233333333333333321011000000000000000000000000000000000000000111011222222210000000000000000000000000000000000000000000010123333333333333333321
1233333333333333321110000000000000000000000000000000000000011121012233333211100001111000000000000000000000000000000000001123333333333333333321
1233333333333333321100000000000000000000000000000000000000112221112333333222100011221100001111100000000000000000000000001223333333333333333321
1233333333333333321000000000000000000000000000000000000000012322222333333332111112222111101222100000000000000000000000001122333333333333333321
1233333333333333321100000000000000000000000000000000000111112333333333333332222222332221011232100000000000000000000000000112333333333333333321
1233333333333222221000000000000000000000000000000000000012222333333333333333333333333321112232100000000000000000000000000012333333333333333321
1233333333333211111000000000000000000000000000000000000012333333333333333333333333333322222332100000000000000000000000001112333333333333333321
1233333333333210100000000000000000000000000000000000000012333333333333333333333333333333333222100000000000000000000000001112333333333333333321
1233333333333210000000000000000000000000000000000000000012333333333333333333333333333333333211100000000000000000000000000012233333333333333321
1233333333333210000000000000000000000000000000000000001112333333333333333333333333333333333210000000000000000000000000000011233333333333332221
1233222223333210000000000000000000000000000000000000001222333333333333333333333333333333333211110000000000000000000000000001223333333333332111
1233211123333211000000000000000000000000000000000000001233333333333333333333333333333333333222210000000000000000000000000001122233333333332100
1233210122222221100000000000000000000000000000000000001233333333333333333333333333333333333333210000000000000000000000000000111222333333322100
1232210111211122100000000000000000000000000000000000001233333333333333333333333333333333333333210000000000000000000000000000001112333322221100
1222110101110111100000000000000000000000000000000000001233333333333333333333333333333333333332210000000000000000000000000000000012222221111000
1221100000000000000000000000000000000000000000000001111233333333333333333333333333333333333222110000000000000000000000000000000011111111000000
1111000000000000000000000000000000000000000000000011222233333333333222222222233333333333333211100000000000000000000000000000000000001001000000
0110000000000000000000000000000000000000000000000012233333333333332211111111223333333333333210000000000000000000000000000000000000000001000000
1110000000000000000000000000000000000000000000000012333333333333322110000001122333333333333211100000000000000000000000000000000000000000000000
1000000000000000000000000000000000000000000000000012333333333333321101111110112333333333333221000000000000000000000000000000000000000000000000
0000000000000000000000000000000000000000000000000112333333333333321011100111012333333333333321000000000000000000000000000000000000000000000000
0000000000000000000000000000000000000000000000000012333333333333321011100111012333333333222221000000000000000000000000000000000000000000000000
0000000000000000000000000000000000000000000000001112333333333333321101111110112333333333211111000000000000000000000000000000000000000000000000
0110000000000000000000000000000000000000000000001122333333333333322110000001122333333333210110000000000000000000000000000000000000000000000000
0011000000000000000000000000000000000000000000000123333333333333332211111111223333333333211100000000000000000000000000000000000000000000000000
0011000000001000110000000000000000000000000000000123333333333333333222222222233333333332221110000000000000000000000000000000000000000000000000
0011000000111111100000000000000000000000000000000123333333333333333333333333333333333332111010000000000000000000000000000000000000000000000000
0111101001122222100000000000000000000000000000111123333333333333333333333333333333333332100000000000000000000000000000000000000000000000000000
1122101001223332100000000000000000000000000000122223333333333333333333333333333333333332111110000000000000000000000000000000000000000000000000
1222111111233332100000000000000000000000000000123333333333333333333333333333333333333332222110000000000000000000000000000000000100000000000000
1232222222233332100000000000000000000000000001122333333333333333333333333333333333333332222100000000000000000000000000000000011100000011100001
1233333333333332100000000000000000000000000011112333333333333333333333333333333333333332111110000000000000000000000000000000112110111112111111
1233333333333222110000000000000000000000000011012333333333333333333333333333333333333332100000000000000000000000000000000000122211110012222221
1233333333333211110000000000000000000000000001112333333333333333333333333333333333333332100000000000000000000000000000000000111222100112333321
1233333333333210110000000000000000000000000001122223222222333333333333333333333322222222100000000000000000000000000000000000001232111122333321
1233333333333210010000000000000000000000000000111122211112333333333333333333333321111221100000000000000000000000000000000000001232222223333321
1233333333333210000000000000000000000000000000100111110012333333333333333322222321001221000000000000000000000000000000000001001233333333333321
1233333333333211100000000000000000000000000000000000101112233333333333333321112321111121000000000000000000000000000000000011111233333333333321
1233333333333222100000000000000000000000000000000000001111222333333333333321012221100111100000000000000000000000000000000000122233333333333321
1233333333333332111000000000000000000000000000000000000001112233322222222221012111000011100000000000000000000000000000000000112333333333333321
1233333333333332221000000000000000000000000000000000000000011222221111111221011101000000000000000000000000000000000000000000012333333333333321
1233333333333333321110000000000000000000000000000000000000001111111010101111010001000000000000000000000000000000000000000000012333333333333321
1233333333333333322111100000000000000000000000000000000000000010010000000001000000000000000000000000000000000000000000000000112333333333333321
1222333333333333221100000000000000000000000000000000000000000000000000000000000000000000000000000000000000000000000000000000012233333333332221
1112333333333322211000000000000000000000000000000000000000000000000000000000000000000000000000000000000000000000000000000000011233333333332111
1012222222222221110000000000000000000000000000000000000000000000000000000000000000000000000000000000000000000000000000000000001222222222222101
1111111111111111000000000000000000000000000000000000000000000000000000000000000000000000000000000000000000000000000000000000001111111111111111
=========================================================
1111111111111111111111100000000000000000000000000000000000000000000000000000000000000000000000000000000000000000000000000001110011111111111111
1012222222222222222111100000000000000000000000000000000000000000000000000000000000000000000000000000000000000000000000000001211112222222222101
1112333333333333332101100000000000000000000000000000000000000000000000011000000000000000000000000000000000000000000000000111222222333333332111
1222344444444444322110000000000000000000000000000000000000000000000011011100000000000000000000000000000000000000000000000122233333344444432221
1233344444444444321111000000000000000000000000000000000000000110001111112110000000000000000000000000000000000000000000011123334444444444433321
1234444444444444321011000000000000000000000000000000000000000111011222222210000000000000000000000000000000000000000000010123444444444444444321
1234444444444444321110000000000000000000000000000000000000011121012233333211100001111000000000000000000000000000000000001123444444444444444321
1234444444444444321100000000000000000000000000000000000000112221112334443222100011221100001111100000000000000000000000001223344444444444444321
1234444444444444321000000000000000000000000000000000000000012322222344443332111112222111101222100000000000000000000000001122344444444444444321
1234444444443333321100000000000000000000000000000000000111112333333344444432222222332221011232100000000000000000000000000112344444444444444321
1234444444443222221000000000000000000000000000000000000012222344444444444433333333333321112232100000000000000000000000000012344444444444444321
1234444444443211111000000000000000000000000000000000000012333344444444444444444444444322222332100000000000000000000000001112344444444444444321
1234444444443210100000000000000000000000000000000000000012344444444444444444444444444333333222100000000000000000000000001112334444444444444321
1234444444443210000000000000000000000000000000000000000012344444444444444444444444444444443211100000000000000000000000000012234444444444433321
1233333333443210000000000000000000000000000000000000001112344444444444444444444444444444443210000000000000000000000000000011233444444444432221
1233222223443210000000000000000000000000000000000000001222344444444444444444444444444444443211110000000000000000000000000001223334444444432111
1233211123333211000000000000000000000000000000000000001233344444444444444444444444444444443222210000000000000000000000000001122233344444332100
1233210122222221100000000000000000000000000000000000001234444444444444444444444444444444443333210000000000000000000000000000111222344333322100
1232210111211122100000000000000000000000000000000000001234444444444444444444444444444444444433210000000000000000000000000000001112333322221100
1222110101110111100000000000000000000000000000000000001234444444444444444444444444444444443332210000000000000000000000000000000012222221111000
1221100000000000000000000000000000000000000000000001111234444444443333333333334444444444443222110000000000000000000000000000000011111111000000
1111000000000000000000000000000000000000000000000011222234444444433222222222233444444444443211100000000000000000000000000000000000001001000000
0110000000000000000000000000000000000000000000000012233334444444332211111111223344444444443210000000000000000000000000000000000000000001000000
1110000000000000000000000000000000000000000000000012334444444444322110000001122344444444443211100000000000000000000000000000000000000000000000
1000000000000000000000000000000000000000000000000012344444444444321101111110112344444444443221000000000000000000000000000000000000000000000000
0000000000000000000000000000000000000000000000000112344444444444321011100111012344444443333321000000000000000000000000000000000000000000000000
0000000000000000000000000000000000000000000000000012344444444444321011100111012344444443222221000000000000000000000000000000000000000000000000
0000000000000000000000000000000000000000000000001112344444444444321101111110112344444443211111000000000000000000000000000000000000000000000000
0110000000000000000000000000000000000000000000001122344444444444322110000001122344444443210110000000000000000000000000000000000000000000000000
0011000000000000000000000000000000000000000000000123344444444444332211111111223344444433211100000000000000000000000000000000000000000000000000
0011000000001000110000000000000000000000000000000123444444444444433222222222233444444432221110000000000000000000000000000000000000000000000000
0011000000111111100000000000000000000000000000000123444444444444443333333333334444444432111010000000000000000000000000000000000000000000000000
0111101001122222100000000000000000000000000000111123444444444444444444444444444444444432100000000000000000000000000000000000000000000000000000
1122101001223332100000000000000000000000000000122223444444444444444444444444444444444432111110000000000000000000000000000000000000000000000000
1222111111233432100000000000000000000000000000123333444444444444444444444444444444444432222110000000000000000000000000000000000100000000000000
1232222222234432100000000000000000000000000001122344444444444444444444444444444444444432222100000000000000000000000000000000011100000011100001
1233333333333332100000000000000000000000000011112344444444444444444444444444444444444432111110000000000000000000000000000000112110111112111111
1234444444443222110000000000000000000000000011012344444444444444444444444444444444444432100000000000000000000000000000000000122211110012222221
1234444444443211110000000000000000000000000001112333333333344444444444444444444333333332100000000000000000000000000000000000111222100112333321
1234444444443210110000000000000000000000000001122223222222344444444444444444444322222222100000000000000000000000000000000000001232111122344321
1234444444443210010000000000000000000000000000111122211112344444444444444333333321111221100000000000000000000000000000000000001232222223344321
1234444444443210000000000000000000000000000000100111110012334444444444444322222321001221000000000000000000000000000000000001001233333333444321
1234444444443211100000000000000000000000000000000000101112233344444444444321112321111121000000000000000000000000000000000011111234444444444321
1234444444443222100000000000000000000000000000000000001111222334333333333321012221100111100000000000000000000000000000000000122234444444444321
1234444444443332111000000000000000000000000000000000000001112233322222222221012111000011100000000000000000000000000000000000112334444444444321
1234444444444432221000000000000000000000000000000000000000011222221111111221011101000000000000000000000000000000000000000000012344444444444321
1234444444444433321110000000000000000000000000000000000000001111111010101111010001000000000000000000000000000000000000000000012344444444444321
1233344444444443322111100000000000000000000000000000000000000010010000000001000000000000000000000000000000000000000000000000112334444444433321
1222344444444333221100000000000000000000000000000000000000000000000000000000000000000000000000000000000000000000000000000000012234444444432221
1112333333333322211000000000000000000000000000000000000000000000000000000000000000000000000000000000000000000000000000000000011233333333332111
1012222222222221110000000000000000000000000000000000000000000000000000000000000000000000000000000000000000000000000000000000001222222222222101
1111111111111111000000000000000000000000000000000000000000000000000000000000000000000000000000000000000000000000000000000000001111111111111111
=========================================================
1111111111111111111111100000000000000000000000000000000000000000000000000000000000000000000000000000000000000000000000000001110011111111111111
1012222222222222222111100000000000000000000000000000000000000000000000000000000000000000000000000000000000000000000000000001211112222222222101
1112333333333333332101100000000000000000000000000000000000000000000000011000000000000000000000000000000000000000000000000111222222333333332111
1222344444444444322110000000000000000000000000000000000000000000000011011100000000000000000000000000000000000000000000000122233333344444432221
1233345555555554321111000000000000000000000000000000000000000110001111112110000000000000000000000000000000000000000000011123334444445555433321
1234445555555554321011000000000000000000000000000000000000000111011222222210000000000000000000000000000000000000000000010123444555555555444321
1234555555555554321110000000000000000000000000000000000000011121012233333211100001111000000000000000000000000000000000001123445555555555554321
1234555555555554321100000000000000000000000000000000000000112221112334443222100011221100001111100000000000000000000000001223345555555555554321
1234555555544444321000000000000000000000000000000000000000012322222344543332111112222111101222100000000000000000000000001122345555555555554321
1234555555543333321100000000000000000000000000000000000111112333333345544432222222332221011232100000000000000000000000000112345555555555554321
1234555555543222221000000000000000000000000000000000000012222344444445555433333333333321112232100000000000000000000000000012345555555555554321
1234555555543211111000000000000000000000000000000000000012333345555555555444444444444322222332100000000000000000000000001112344555555555554321
1234555555543210100000000000000000000000000000000000000012344445555555555555555555554333333222100000000000000000000000001112334555555555444321
1234444444443210000000000000000000000000000000000000000012345555555555555555555555554444443211100000000000000000000000000012234455555555433321
1233333333443210000000000000000000000000000000000000001112345555555555555555555555555555543210000000000000000000000000000011233444555555432221
1233222223443210000000000000000000000000000000000000001222345555555555555555555555555555543211110000000000000000000000000001223334445554432111
1233211123333211000000000000000000000000000000000000001233345555555555555555555555555555543222210000000000000000000000000001122233344444332100
1233210122222221100000000000000000000000000000000000001234445555555555555555555555555555543333210000000000000000000000000000111222344333322100
1232210111211122100000000000000000000000000000000000001234555555555555555555555555555555544433210000000000000000000000000000001112333322221100
1222110101110111100000000000000000000000000000000000001234555555544444444444444555555555543332210000000000000000000000000000000012222221111000
1221100000000000000000000000000000000000000000000001111234555555443333333333334455555555543222110000000000000000000000000000000011111111000000
1111000000000000000000000000000000000000000000000011222234555554433222222222233445555555543211100000000000000000000000000000000000001001000000
0110000000000000000000000000000000000000000000000012233334555554332211111111223345555555543210000000000000000000000000000000000000000001000000
1110000000000000000000000000000000000000000000000012334444555554322110000001122345555555543211100000000000000000000000000000000000000000000000
1000000000000000000000000000000000000000000000000012344555555554321101111110112345555544443221000000000000000000000000000000000000000000000000
0000000000000000000000000000000000000000000000000112345555555554321011100111012345555543333321000000000000000000000000000000000000000000000000
0000000000000000000000000000000000000000000000000012345555555554321011100111012345555543222221000000000000000000000000000000000000000000000000
0000000000000000000000000000000000000000000000001112345555555554321101111110112345555543211111000000000000000000000000000000000000000000000000
0110000000000000000000000000000000000000000000001122345555555554322110000001122345555443210110000000000000000000000000000000000000000000000000
0011000000000000000000000000000000000000000000000123345555555554332211111111223345555433211100000000000000000000000000000000000000000000000000
0011000000001000110000000000000000000000000000000123445555555554433222222222233445555432221110000000000000000000000000000000000000000000000000
0011000000111111100000000000000000000000000000000123455555555555443333333333334455555432111010000000000000000000000000000000000000000000000000
0111101001122222100000000000000000000000000000111123455555555555544444444444444555555432100000000000000000000000000000000000000000000000000000
1122101001223332100000000000000000000000000000122223455555555555555555555555555555555432111110000000000000000000000000000000000000000000000000
1222111111233432100000000000000000000000000000123333455555555555555555555555555555555432222110000000000000000000000000000000000100000000000000
1232222222234432100000000000000000000000000001122344455555555555555555555555555555555432222100000000000000000000000000000000011100000011100001
1233333333333332100000000000000000000000000011112345555555555555555555555555555555555432111110000000000000000000000000000000112110111112111111
1234444444443222110000000000000000000000000011012344444444445555555555555555554444444432100000000000000000000000000000000000122211110012222221
1234555555543211110000000000000000000000000001112333333333345555555555555555554333333332100000000000000000000000000000000000111222100112333321
1234555555543210110000000000000000000000000001122223222222345555555555554444444322222222100000000000000000000000000000000000001232111122344321
1234555555543210010000000000000000000000000000111122211112344555555555554333333321111221100000000000000000000000000000000000001232222223344321
1234555555543210000000000000000000000000000000100111110012334445555555554322222321001221000000000000000000000000000000000001001233333333444321
1234555555543211100000000000000000000000000000000000101112233344444444444321112321111121000000000000000000000000000000000011111234444444454321
1234555555543222100000000000000000000000000000000000001111222334333333333321012221100111100000000000000000000000000000000000122234555555554321
1234555555543332111000000000000000000000000000000000000001112233322222222221012111000011100000000000000000000000000000000000112334555555554321
1234555555544432221000000000000000000000000000000000000000011222221111111221011101000000000000000000000000000000000000000000012344555555554321
1234445555555433321110000000000000000000000000000000000000001111111010101111010001000000000000000000000000000000000000000000012344555555444321
1233345555554443322111100000000000000000000000000000000000000010010000000001000000000000000000000000000000000000000000000000112334555555433321
1222344444444333221100000000000000000000000000000000000000000000000000000000000000000000000000000000000000000000000000000000012234444444432221
1112333333333322211000000000000000000000000000000000000000000000000000000000000000000000000000000000000000000000000000000000011233333333332111
1012222222222221110000000000000000000000000000000000000000000000000000000000000000000000000000000000000000000000000000000000001222222222222101
1111111111111111000000000000000000000000000000000000000000000000000000000000000000000000000000000000000000000000000000000000001111111111111111
=========================================================
1111111111111111111111100000000000000000000000000000000000000000000000000000000000000000000000000000000000000000000000000001110011111111111111
1012222222222222222111100000000000000000000000000000000000000000000000000000000000000000000000000000000000000000000000000001211112222222222101
1112333333333333332101100000000000000000000000000000000000000000000000011000000000000000000000000000000000000000000000000111222222333333332111
1222344444444444322110000000000000000000000000000000000000000000000011011100000000000000000000000000000000000000000000000122233333344444432221
1233345555555554321111000000000000000000000000000000000000000110001111112110000000000000000000000000000000000000000000011123334444445555433321
1234445666666654321011000000000000000000000000000000000000000111011222222210000000000000000000000000000000000000000000010123444555555665444321
1234555666666654321110000000000000000000000000000000000000011121012233333211100001111000000000000000000000000000000000001123445566666665554321
1234566666555554321100000000000000000000000000000000000000112221112334443222100011221100001111100000000000000000000000001223345666666666654321
1234566666544444321000000000000000000000000000000000000000012322222344543332111112222111101222100000000000000000000000001122345666666666654321
1234566666543333321100000000000000000000000000000000000111112333333345544432222222332221011232100000000000000000000000000112345666666666654321
1234566666543222221000000000000000000000000000000000000012222344444445555433333333333321112232100000000000000000000000000012345566666666654321
1234566666543211111000000000000000000000000000000000000012333345555555665444444444444322222332100000000000000000000000001112344566666665554321
1234555555543210100000000000000000000000000000000000000012344445666666665555555555554333333222100000000000000000000000001112334556666665444321
1234444444443210000000000000000000000000000000000000000012345555666666666666666666654444443211100000000000000000000000000012234455566665433321
1233333333443210000000000000000000000000000000000000001112345666666666666666666666655555543210000000000000000000000000000011233444555655432221
1233222223443210000000000000000000000000000000000000001222345666666666666666666666666666543211110000000000000000000000000001223334445554432111
1233211123333211000000000000000000000000000000000000001233345666666666666666666666666666543222210000000000000000000000000001122233344444332100
1233210122222221100000000000000000000000000000000000001234445666666666666666666666666666543333210000000000000000000000000000111222344333322100
1232210111211122100000000000000000000000000000000000001234555666555555555555555566666666544433210000000000000000000000000000001112333322221100
1222110101110111100000000000000000000000000000000000001234566665544444444444444556666666543332210000000000000000000000000000000012222221111000
1221100000000000000000000000000000000000000000000001111234566655443333333333334455666666543222110000000000000000000000000000000011111111000000
1111000000000000000000000000000000000000000000000011222234566654433222222222233445666666543211100000000000000000000000000000000000001001000000
0110000000000000000000000000000000000000000000000012233334566654332211111111223345666666543210000000000000000000000000000000000000000001000000
1110000000000000000000000000000000000000000000000012334444566654322110000001122345666555543211100000000000000000000000000000000000000000000000
1000000000000000000000000000000000000000000000000012344555566654321101111110112345666544443221000000000000000000000000000000000000000000000000
0000000000000000000000000000000000000000000000000112345566666654321011100111012345666543333321000000000000000000000000000000000000000000000000
0000000000000000000000000000000000000000000000000012345666666654321011100111012345666543222221000000000000000000000000000000000000000000000000
0000000000000000000000000000000000000000000000001112345666666654321101111110112345665543211111000000000000000000000000000000000000000000000000
0110000000000000000000000000000000000000000000001122345666666654322110000001122345665443210110000000000000000000000000000000000000000000000000
0011000000000000000000000000000000000000000000000123345666666654332211111111223345665433211100000000000000000000000000000000000000000000000000
0011000000001000110000000000000000000000000000000123445666666654433222222222233445665432221110000000000000000000000000000000000000000000000000
0011000000111111100000000000000000000000000000000123455666666655443333333333334455665432111010000000000000000000000000000000000000000000000000
0111101001122222100000000000000000000000000000111123456666666665544444444444444556665432100000000000000000000000000000000000000000000000000000
1122101001223332100000000000000000000000000000122223456666666666555555555555555566665432111110000000000000000000000000000000000000000000000000
1222111111233432100000000000000000000000000000123333456666666666666666666666666666665432222110000000000000000000000000000000000100000000000000
1232222222234432100000000000000000000000000001122344456666666666666666666666666666665432222100000000000000000000000000000000011100000011100001
1233333333333332100000000000000000000000000011112345555555555666666666666666655555555432111110000000000000000000000000000000112110111112111111
1234444444443222110000000000000000000000000011012344444444445666666666666666654444444432100000000000000000000000000000000000122211110012222221
1234555555543211110000000000000000000000000001112333333333345666666666655555554333333332100000000000000000000000000000000000111222100112333321
1234566666543210110000000000000000000000000001122223222222345566666666654444444322222222100000000000000000000000000000000000001232111122344321
1234566666543210010000000000000000000000000000111122211112344555666666654333333321111221100000000000000000000000000000000000001232222223344321
1234566666543210000000000000000000000000000000100111110012334445555555554322222321001221000000000000000000000000000000000001001233333333444321
1234566666543211100000000000000000000000000000000000101112233344444444444321112321111121000000000000000000000000000000000011111234444444454321
1234566666543222100000000000000000000000000000000000001111222334333333333321012221100111100000000000000000000000000000000000122234555555554321
1234566666543332111000000000000000000000000000000000000001112233322222222221012111000011100000000000000000000000000000000000112334566666654321
1234555666544432221000000000000000000000000000000000000000011222221111111221011101000000000000000000000000000000000000000000012344566665554321
1234445666555433321110000000000000000000000000000000000000001111111010101111010001000000000000000000000000000000000000000000012344566665444321
1233345555554443322111100000000000000000000000000000000000000010010000000001000000000000000000000000000000000000000000000000112334555555433321
1222344444444333221100000000000000000000000000000000000000000000000000000000000000000000000000000000000000000000000000000000012234444444432221
1112333333333322211000000000000000000000000000000000000000000000000000000000000000000000000000000000000000000000000000000000011233333333332111
1012222222222221110000000000000000000000000000000000000000000000000000000000000000000000000000000000000000000000000000000000001222222222222101
1111111111111111000000000000000000000000000000000000000000000000000000000000000000000000000000000000000000000000000000000000001111111111111111
=========================================================
1111111111111111111111100000000000000000000000000000000000000000000000000000000000000000000000000000000000000000000000000001110011111111111111
1012222222222222222111100000000000000000000000000000000000000000000000000000000000000000000000000000000000000000000000000001211112222222222101
1112333333333333332101100000000000000000000000000000000000000000000000011000000000000000000000000000000000000000000000000111222222333333332111
1222344444444444322110000000000000000000000000000000000000000000000011011100000000000000000000000000000000000000000000000122233333344444432221
1233345555555554321111000000000000000000000000000000000000000110001111112110000000000000000000000000000000000000000000011123334444445555433321
1234445666666654321011000000000000000000000000000000000000000111011222222210000000000000000000000000000000000000000000010123444555555665444321
1234555676666654321110000000000000000000000000000000000000011121012233333211100001111000000000000000000000000000000000001123445566666665554321
1234566676555554321100000000000000000000000000000000000000112221112334443222100011221100001111100000000000000000000000001223345667777766654321
1234567776544444321000000000000000000000000000000000000000012322222344543332111112222111101222100000000000000000000000001122345677777777654321
1234567776543333321100000000000000000000000000000000000111112333333345544432222222332221011232100000000000000000000000000112345667777777654321
1234567776543222221000000000000000000000000000000000000012222344444445555433333333333321112232100000000000000000000000000012345567777766654321
1234566666543211111000000000000000000000000000000000000012333345555555665444444444444322222332100000000000000000000000001112344566777765554321
1234555555543210100000000000000000000000000000000000000012344445666666665555555555554333333222100000000000000000000000001112334556667765444321
1234444444443210000000000000000000000000000000000000000012345555677777766666666666654444443211100000000000000000000000000012234455566665433321
1233333333443210000000000000000000000000000000000000001112345666677777777777777777655555543210000000000000000000000000000011233444555655432221
1233222223443210000000000000000000000000000000000000001222345677777777777777777777666666543211110000000000000000000000000001223334445554432111
1233211123333211000000000000000000000000000000000000001233345677777777777777777777777776543222210000000000000000000000000001122233344444332100
1233210122222221100000000000000000000000000000000000001234445676666666666666666667777776543333210000000000000000000000000000111222344333322100
1232210111211122100000000000000000000000000000000000001234555666555555555555555566777776544433210000000000000000000000000000001112333322221100
1222110101110111100000000000000000000000000000000000001234566665544444444444444556677776543332210000000000000000000000000000000012222221111000
1221100000000000000000000000000000000000000000000001111234567655443333333333334455677776543222110000000000000000000000000000000011111111000000
1111000000000000000000000000000000000000000000000011222234567654433222222222233445677776543211100000000000000000000000000000000000001001000000
0110000000000000000000000000000000000000000000000012233334567654332211111111223345676666543210000000000000000000000000000000000000000001000000
1110000000000000000000000000000000000000000000000012334444567654322110000001122345676555543211100000000000000000000000000000000000000000000000
1000000000000000000000000000000000000000000000000012344555567654321101111110112345676544443221000000000000000000000000000000000000000000000000
0000000000000000000000000000000000000000000000000112345566667654321011100111012345676543333321000000000000000000000000000000000000000000000000
0000000000000000000000000000000000000000000000000012345667777654321011100111012345666543222221000000000000000000000000000000000000000000000000
0000000000000000000000000000000000000000000000001112345677777654321101111110112345665543211111000000000000000000000000000000000000000000000000
0110000000000000000000000000000000000000000000001122345677777654322110000001122345665443210110000000000000000000000000000000000000000000000000
0011000000000000000000000000000000000000000000000123345677777654332211111111223345665433211100000000000000000000000000000000000000000000000000
0011000000001000110000000000000000000000000000000123445677777654433222222222233445665432221110000000000000000000000000000000000000000000000000
0011000000111111100000000000000000000000000000000123455677777655443333333333334455665432111010000000000000000000000000000000000000000000000000
0111101001122222100000000000000000000000000000111123456677777665544444444444444556665432100000000000000000000000000000000000000000000000000000
1122101001223332100000000000000000000000000000122223456777777766555555555555555566765432111110000000000000000000000000000000000000000000000000
1222111111233432100000000000000000000000000000123333456777777776666666666666666667765432222110000000000000000000000000000000000100000000000000
1232222222234432100000000000000000000000000001122344456666666677777777777777666666665432222100000000000000000000000000000000011100000011100001
1233333333333332100000000000000000000000000011112345555555555677777777777777655555555432111110000000000000000000000000000000112110111112111111
1234444444443222110000000000000000000000000011012344444444445677777777666666654444444432100000000000000000000000000000000000122211110012222221
1234555555543211110000000000000000000000000001112333333333345667777777655555554333333332100000000000000000000000000000000000111222100112333321
1234566666543210110000000000000000000000000001122223222222345566677777654444444322222222100000000000000000000000000000000000001232111122344321
1234567776543210010000000000000000000000000000111122211112344555666666654333333321111221100000000000000000000000000000000000001232222223344321
1234567776543210000000000000000000000000000000100111110012334445555555554322222321001221000000000000000000000000000000000001001233333333444321
1234567776543211100000000000000000000000000000000000101112233344444444444321112321111121000000000000000000000000000000000011111234444444454321
1234567776543222100000000000000000000000000000000000001111222334333333333321012221100111100000000000000000000000000000000000122234555555554321
1234566676543332111000000000000000000000000000000000000001112233322222222221012111000011100000000000000000000000000000000000112334566666654321
1234555676544432221000000000000000000000000000000000000000011222221111111221011101000000000000000000000000000000000000000000012344567765554321
1234445666555433321110000000000000000000000000000000000000001111111010101111010001000000000000000000000000000000000000000000012344566665444321
1233345555554443322111100000000000000000000000000000000000000010010000000001000000000000000000000000000000000000000000000000112334555555433321
1222344444444333221100000000000000000000000000000000000000000000000000000000000000000000000000000000000000000000000000000000012234444444432221
1112333333333322211000000000000000000000000000000000000000000000000000000000000000000000000000000000000000000000000000000000011233333333332111
1012222222222221110000000000000000000000000000000000000000000000000000000000000000000000000000000000000000000000000000000000001222222222222101
1111111111111111000000000000000000000000000000000000000000000000000000000000000000000000000000000000000000000000000000000000001111111111111111
=========================================================
1111111111111111111111100000000000000000000000000000000000000000000000000000000000000000000000000000000000000000000000000001110011111111111111
1012222222222222222111100000000000000000000000000000000000000000000000000000000000000000000000000000000000000000000000000001211112222222222101
1112333333333333332101100000000000000000000000000000000000000000000000011000000000000000000000000000000000000000000000000111222222333333332111
1222344444444444322110000000000000000000000000000000000000000000000011011100000000000000000000000000000000000000000000000122233333344444432221
1233345555555554321111000000000000000000000000000000000000000110001111112110000000000000000000000000000000000000000000011123334444445555433321
1234445666666654321011000000000000000000000000000000000000000111011222222210000000000000000000000000000000000000000000010123444555555665444321
1234555676666654321110000000000000000000000000000000000000011121012233333211100001111000000000000000000000000000000000001123445566666665554321
1234566676555554321100000000000000000000000000000000000000112221112334443222100011221100001111100000000000000000000000001223345667777766654321
1234567776544444321000000000000000000000000000000000000000012322222344543332111112222111101222100000000000000000000000001122345677888777654321
1234567876543333321100000000000000000000000000000000000111112333333345544432222222332221011232100000000000000000000000000112345667888777654321
1234567776543222221000000000000000000000000000000000000012222344444445555433333333333321112232100000000000000000000000000012345567788766654321
1234566666543211111000000000000000000000000000000000000012333345555555665444444444444322222332100000000000000000000000001112344566777765554321
1234555555543210100000000000000000000000000000000000000012344445666666665555555555554333333222100000000000000000000000001112334556667765444321
1234444444443210000000000000000000000000000000000000000012345555677777766666666666654444443211100000000000000000000000000012234455566665433321
1233333333443210000000000000000000000000000000000000001112345666678888777777777777655555543210000000000000000000000000000011233444555655432221
1233222223443210000000000000000000000000000000000000001222345677778888888888888887666666543211110000000000000000000000000001223334445554432111
1233211123333211000000000000000000000000000000000000001233345677777777777777777777777776543222210000000000000000000000000001122233344444332100
1233210122222221100000000000000000000000000000000000001234445676666666666666666667788876543333210000000000000000000000000000111222344333322100
1232210111211122100000000000000000000000000000000000001234555666555555555555555566778876544433210000000000000000000000000000001112333322221100
1222110101110111100000000000000000000000000000000000001234566665544444444444444556678876543332210000000000000000000000000000000012222221111000
1221100000000000000000000000000000000000000000000001111234567655443333333333334455678876543222110000000000000000000000000000000011111111000000
1111000000000000000000000000000000000000000000000011222234567654433222222222233445677776543211100000000000000000000000000000000000001001000000
0110000000000000000000000000000000000000000000000012233334567654332211111111223345676666543210000000000000000000000000000000000000000001000000
1110000000000000000000000000000000000000000000000012334444567654322110000001122345676555543211100000000000000000000000000000000000000000000000
1000000000000000000000000000000000000000000000000012344555567654321101111110112345676544443221000000000000000000000000000000000000000000000000
0000000000000000000000000000000000000000000000000112345566667654321011100111012345676543333321000000000000000000000000000000000000000000000000
0000000000000000000000000000000000000000000000000012345667777654321011100111012345666543222221000000000000000000000000000000000000000000000000
0000000000000000000000000000000000000000000000001112345677887654321101111110112345665543211111000000000000000000000000000000000000000000000000
0110000000000000000000000000000000000000000000001122345678887654322110000001122345665443210110000000000000000000000000000000000000000000000000
0011000000000000000000000000000000000000000000000123345678887654332211111111223345665433211100000000000000000000000000000000000000000000000000
0011000000001000110000000000000000000000000000000123445678887654433222222222233445665432221110000000000000000000000000000000000000000000000000
0011000000111111100000000000000000000000000000000123455678887655443333333333334455665432111010000000000000000000000000000000000000000000000000
0111101001122222100000000000000000000000000000111123456678887665544444444444444556665432100000000000000000000000000000000000000000000000000000
1122101001223332100000000000000000000000000000122223456778887766555555555555555566765432111110000000000000000000000000000000000000000000000000
1222111111233432100000000000000000000000000000123333456777777776666666666666666667765432222110000000000000000000000000000000000100000000000000
1232222222234432100000000000000000000000000001122344456666666677777777777777666666665432222100000000000000000000000000000000011100000011100001
1233333333333332100000000000000000000000000011112345555555555678888887777777655555555432111110000000000000000000000000000000112110111112111111
1234444444443222110000000000000000000000000011012344444444445677888887666666654444444432100000000000000000000000000000000000122211110012222221
1234555555543211110000000000000000000000000001112333333333345667778887655555554333333332100000000000000000000000000000000000111222100112333321
1234566666543210110000000000000000000000000001122223222222345566677777654444444322222222100000000000000000000000000000000000001232111122344321
1234567776543210010000000000000000000000000000111122211112344555666666654333333321111221100000000000000000000000000000000000001232222223344321
1234567876543210000000000000000000000000000000100111110012334445555555554322222321001221000000000000000000000000000000000001001233333333444321
1234567876543211100000000000000000000000000000000000101112233344444444444321112321111121000000000000000000000000000000000011111234444444454321
1234567776543222100000000000000000000000000000000000001111222334333333333321012221100111100000000000000000000000000000000000122234555555554321
1234566676543332111000000000000000000000000000000000000001112233322222222221012111000011100000000000000000000000000000000000112334566666654321
1234555676544432221000000000000000000000000000000000000000011222221111111221011101000000000000000000000000000000000000000000012344567765554321
1234445666555433321110000000000000000000000000000000000000001111111010101111010001000000000000000000000000000000000000000000012344566665444321
1233345555554443322111100000000000000000000000000000000000000010010000000001000000000000000000000000000000000000000000000000112334555555433321
1222344444444333221100000000000000000000000000000000000000000000000000000000000000000000000000000000000000000000000000000000012234444444432221
1112333333333322211000000000000000000000000000000000000000000000000000000000000000000000000000000000000000000000000000000000011233333333332111
1012222222222221110000000000000000000000000000000000000000000000000000000000000000000000000000000000000000000000000000000000001222222222222101
1111111111111111000000000000000000000000000000000000000000000000000000000000000000000000000000000000000000000000000000000000001111111111111111
=========================================================
1111111111111111111111100000000000000000000000000000000000000000000000000000000000000000000000000000000000000000000000000001110011111111111111
1012222222222222222111100000000000000000000000000000000000000000000000000000000000000000000000000000000000000000000000000001211112222222222101
1112333333333333332101100000000000000000000000000000000000000000000000011000000000000000000000000000000000000000000000000111222222333333332111
1222344444444444322110000000000000000000000000000000000000000000000011011100000000000000000000000000000000000000000000000122233333344444432221
1233345555555554321111000000000000000000000000000000000000000110001111112110000000000000000000000000000000000000000000011123334444445555433321
1234445666666654321011000000000000000000000000000000000000000111011222222210000000000000000000000000000000000000000000010123444555555665444321
1234555676666654321110000000000000000000000000000000000000011121012233333211100001111000000000000000000000000000000000001123445566666665554321
1234566676555554321100000000000000000000000000000000000000112221112334443222100011221100001111100000000000000000000000001223345667777766654321
1234567776544444321000000000000000000000000000000000000000012322222344543332111112222111101222100000000000000000000000001122345677888777654321
1234567876543333321100000000000000000000000000000000000111112333333345544432222222332221011232100000000000000000000000000112345667888777654321
1234567776543222221000000000000000000000000000000000000012222344444445555433333333333321112232100000000000000000000000000012345567788766654321
1234566666543211111000000000000000000000000000000000000012333345555555665444444444444322222332100000000000000000000000001112344566777765554321
1234555555543210100000000000000000000000000000000000000012344445666666665555555555554333333222100000000000000000000000001112334556667765444321
1234444444443210000000000000000000000000000000000000000012345555677777766666666666654444443211100000000000000000000000000012234455566665433321
1233333333443210000000000000000000000000000000000000001112345666678888777777777777655555543210000000000000000000000000000011233444555655432221
1233222223443210000000000000000000000000000000000000001222345677778888888888888887666666543211110000000000000000000000000001223334445554432111
1233211123333211000000000000000000000000000000000000001233345677777777777777777777777776543222210000000000000000000000000001122233344444332100
1233210122222221100000000000000000000000000000000000001234445676666666666666666667788876543333210000000000000000000000000000111222344333322100
1232210111211122100000000000000000000000000000000000001234555666555555555555555566778876544433210000000000000000000000000000001112333322221100
1222110101110111100000000000000000000000000000000000001234566665544444444444444556678876543332210000000000000000000000000000000012222221111000
1221100000000000000000000000000000000000000000000001111234567655443333333333334455678876543222110000000000000000000000000000000011111111000000
1111000000000000000000000000000000000000000000000011222234567654433222222222233445677776543211100000000000000000000000000000000000001001000000
0110000000000000000000000000000000000000000000000012233334567654332211111111223345676666543210000000000000000000000000000000000000000001000000
1110000000000000000000000000000000000000000000000012334444567654322110000001122345676555543211100000000000000000000000000000000000000000000000
1000000000000000000000000000000000000000000000000012344555567654321101111110112345676544443221000000000000000000000000000000000000000000000000
0000000000000000000000000000000000000000000000000112345566667654321011100111012345676543333321000000000000000000000000000000000000000000000000
0000000000000000000000000000000000000000000000000012345667777654321011100111012345666543222221000000000000000000000000000000000000000000000000
0000000000000000000000000000000000000000000000001112345677887654321101111110112345665543211111000000000000000000000000000000000000000000000000
0110000000000000000000000000000000000000000000001122345678887654322110000001122345665443210110000000000000000000000000000000000000000000000000
0011000000000000000000000000000000000000000000000123345678987654332211111111223345665433211100000000000000000000000000000000000000000000000000
0011000000001000110000000000000000000000000000000123445678987654433222222222233445665432221110000000000000000000000000000000000000000000000000
0011000000111111100000000000000000000000000000000123455678987655443333333333334455665432111010000000000000000000000000000000000000000000000000
0111101001122222100000000000000000000000000000111123456678987665544444444444444556665432100000000000000000000000000000000000000000000000000000
1122101001223332100000000000000000000000000000122223456778887766555555555555555566765432111110000000000000000000000000000000000000000000000000
1222111111233432100000000000000000000000000000123333456777777776666666666666666667765432222110000000000000000000000000000000000100000000000000
1232222222234432100000000000000000000000000001122344456666666677777777777777666666665432222100000000000000000000000000000000011100000011100001
1233333333333332100000000000000000000000000011112345555555555678888887777777655555555432111110000000000000000000000000000000112110111112111111
1234444444443222110000000000000000000000000011012344444444445677888987666666654444444432100000000000000000000000000000000000122211110012222221
1234555555543211110000000000000000000000000001112333333333345667778887655555554333333332100000000000000000000000000000000000111222100112333321
1234566666543210110000000000000000000000000001122223222222345566677777654444444322222222100000000000000000000000000000000000001232111122344321
1234567776543210010000000000000000000000000000111122211112344555666666654333333321111221100000000000000000000000000000000000001232222223344321
1234567876543210000000000000000000000000000000100111110012334445555555554322222321001221000000000000000000000000000000000001001233333333444321
1234567876543211100000000000000000000000000000000000101112233344444444444321112321111121000000000000000000000000000000000011111234444444454321
1234567776543222100000000000000000000000000000000000001111222334333333333321012221100111100000000000000000000000000000000000122234555555554321
1234566676543332111000000000000000000000000000000000000001112233322222222221012111000011100000000000000000000000000000000000112334566666654321
1234555676544432221000000000000000000000000000000000000000011222221111111221011101000000000000000000000000000000000000000000012344567765554321
1234445666555433321110000000000000000000000000000000000000001111111010101111010001000000000000000000000000000000000000000000012344566665444321
1233345555554443322111100000000000000000000000000000000000000010010000000001000000000000000000000000000000000000000000000000112334555555433321
1222344444444333221100000000000000000000000000000000000000000000000000000000000000000000000000000000000000000000000000000000012234444444432221
1112333333333322211000000000000000000000000000000000000000000000000000000000000000000000000000000000000000000000000000000000011233333333332111
1012222222222221110000000000000000000000000000000000000000000000000000000000000000000000000000000000000000000000000000000000001222222222222101
1111111111111111000000000000000000000000000000000000000000000000000000000000000000000000000000000000000000000000000000000000001111111111111111
=========================================================
1111111111111111111111100000000000000000000000000000000000000000000000000000000000000000000000000000000000000000000000000001110011111111111111
1012222222222222222111100000000000000000000000000000000000000000000000000000000000000000000000000000000000000000000000000001211112222222222101
1112333333333333332101100000000000000000000000000000000000000000000000011000000000000000000000000000000000000000000000000111222222333333332111
1222344444444444322110000000000000000000000000000000000000000000000011011100000000000000000000000000000000000000000000000122233333344444432221
1233345555555554321111000000000000000000000000000000000000000110001111112110000000000000000000000000000000000000000000011123334444445555433321
1234445666666654321011000000000000000000000000000000000000000111011222222210000000000000000000000000000000000000000000010123444555555665444321
1234555676666654321110000000000000000000000000000000000000011121012233333211100001111000000000000000000000000000000000001123445566666665554321
1234566676555554321100000000000000000000000000000000000000112221112334443222100011221100001111100000000000000000000000001223345667777766654321
1234567776544444321000000000000000000000000000000000000000012322222344543332111112222111101222100000000000000000000000001122345677888777654321
1234567876543333321100000000000000000000000000000000000111112333333345544432222222332221011232100000000000000000000000000112345667888777654321
1234567776543222221000000000000000000000000000000000000012222344444445555433333333333321112232100000000000000000000000000012345567788766654321
1234566666543211111000000000000000000000000000000000000012333345555555665444444444444322222332100000000000000000000000001112344566777765554321
1234555555543210100000000000000000000000000000000000000012344445666666665555555555554333333222100000000000000000000000001112334556667765444321
1234444444443210000000000000000000000000000000000000000012345555677777766666666666654444443211100000000000000000000000000012234455566665433321
1233333333443210000000000000000000000000000000000000001112345666678888777777777777655555543210000000000000000000000000000011233444555655432221
1233222223443210000000000000000000000000000000000000001222345677778888888888888887666666543211110000000000000000000000000001223334445554432111
1233211123333211000000000000000000000000000000000000001233345677777777777777777777777776543222210000000000000000000000000001122233344444332100
1233210122222221100000000000000000000000000000000000001234445676666666666666666667788876543333210000000000000000000000000000111222344333322100
1232210111211122100000000000000000000000000000000000001234555666555555555555555566778876544433210000000000000000000000000000001112333322221100
1222110101110111100000000000000000000000000000000000001234566665544444444444444556678876543332210000000000000000000000000000000012222221111000
1221100000000000000000000000000000000000000000000001111234567655443333333333334455678876543222110000000000000000000000000000000011111111000000
1111000000000000000000000000000000000000000000000011222234567654433222222222233445677776543211100000000000000000000000000000000000001001000000
0110000000000000000000000000000000000000000000000012233334567654332211111111223345676666543210000000000000000000000000000000000000000001000000
1110000000000000000000000000000000000000000000000012334444567654322110000001122345676555543211100000000000000000000000000000000000000000000000
1000000000000000000000000000000000000000000000000012344555567654321101111110112345676544443221000000000000000000000000000000000000000000000000
0000000000000000000000000000000000000000000000000112345566667654321011100111012345676543333321000000000000000000000000000000000000000000000000
0000000000000000000000000000000000000000000000000012345667777654321011100111012345666543222221000000000000000000000000000000000000000000000000
0000000000000000000000000000000000000000000000001112345677887654321101111110112345665543211111000000000000000000000000000000000000000000000000
0110000000000000000000000000000000000000000000001122345678887654322110000001122345665443210110000000000000000000000000000000000000000000000000
0011000000000000000000000000000000000000000000000123345678987654332211111111223345665433211100000000000000000000000000000000000000000000000000
0011000000001000110000000000000000000000000000000123445678987654433222222222233445665432221110000000000000000000000000000000000000000000000000
0011000000111111100000000000000000000000000000000123455678987655443333333333334455665432111010000000000000000000000000000000000000000000000000
0111101001122222100000000000000000000000000000111123456678987665544444444444444556665432100000000000000000000000000000000000000000000000000000
1122101001223332100000000000000000000000000000122223456778887766555555555555555566765432111110000000000000000000000000000000000000000000000000
1222111111233432100000000000000000000000000000123333456777777776666666666666666667765432222110000000000000000000000000000000000100000000000000
1232222222234432100000000000000000000000000001122344456666666677777777777777666666665432222100000000000000000000000000000000011100000011100001
1233333333333332100000000000000000000000000011112345555555555678888887777777655555555432111110000000000000000000000000000000112110111112111111
1234444444443222110000000000000000000000000011012344444444445677888987666666654444444432100000000000000000000000000000000000122211110012222221
1234555555543211110000000000000000000000000001112333333333345667778887655555554333333332100000000000000000000000000000000000111222100112333321
1234566666543210110000000000000000000000000001122223222222345566677777654444444322222222100000000000000000000000000000000000001232111122344321
1234567776543210010000000000000000000000000000111122211112344555666666654333333321111221100000000000000000000000000000000000001232222223344321
1234567876543210000000000000000000000000000000100111110012334445555555554322222321001221000000000000000000000000000000000001001233333333444321
1234567876543211100000000000000000000000000000000000101112233344444444444321112321111121000000000000000000000000000000000011111234444444454321
1234567776543222100000000000000000000000000000000000001111222334333333333321012221100111100000000000000000000000000000000000122234555555554321
1234566676543332111000000000000000000000000000000000000001112233322222222221012111000011100000000000000000000000000000000000112334566666654321
1234555676544432221000000000000000000000000000000000000000011222221111111221011101000000000000000000000000000000000000000000012344567765554321
1234445666555433321110000000000000000000000000000000000000001111111010101111010001000000000000000000000000000000000000000000012344566665444321
1233345555554443322111100000000000000000000000000000000000000010010000000001000000000000000000000000000000000000000000000000112334555555433321
1222344444444333221100000000000000000000000000000000000000000000000000000000000000000000000000000000000000000000000000000000012234444444432221
1112333333333322211000000000000000000000000000000000000000000000000000000000000000000000000000000000000000000000000000000000011233333333332111
1012222222222221110000000000000000000000000000000000000000000000000000000000000000000000000000000000000000000000000000000000001222222222222101
1111111111111111000000000000000000000000000000000000000000000000000000000000000000000000000000000000000000000000000000000000001111111111111111
=========================================================
1111111111111111111111100000000000000000000000000000000000000000000000000000000000000000000000000000000000000000000000000001110011111111111111
1012222222222222222111100000000000000000000000000000000000000000000000000000000000000000000000000000000000000000000000000001211112222222222101
1112333333333333332101100000000000000000000000000000000000000000000000011000000000000000000000000000000000000000000000000111222222333333332111
1222344444444444322110000000000000000000000000000000000000000000000011011100000000000000000000000000000000000000000000000122233333344444432221
1233345555555554321111000000000000000000000000000000000000000110001111112110000000000000000000000000000000000000000000011123334444445555433321
1234445666666654321011000000000000000000000000000000000000000111011222222210000000000000000000000000000000000000000000010123444555555665444321
1234555676666654321110000000000000000000000000000000000000011121012233333211100001111000000000000000000000000000000000001123445566666665554321
1234566676555554321100000000000000000000000000000000000000112221112334443222100011221100001111100000000000000000000000001223345667777766654321
1234567776544444321000000000000000000000000000000000000000012322222344543332111112222111101222100000000000000000000000001122345677888777654321
1234567876543333321100000000000000000000000000000000000111112333333345544432222222332221011232100000000000000000000000000112345667888777654321
1234567776543222221000000000000000000000000000000000000012222344444445555433333333333321112232100000000000000000000000000012345567788766654321
1234566666543211111000000000000000000000000000000000000012333345555555665444444444444322222332100000000000000000000000001112344566777765554321
1234555555543210100000000000000000000000000000000000000012344445666666665555555555554333333222100000000000000000000000001112334556667765444321
1234444444443210000000000000000000000000000000000000000012345555677777766666666666654444443211100000000000000000000000000012234455566665433321
1233333333443210000000000000000000000000000000000000001112345666678888777777777777655555543210000000000000000000000000000011233444555655432221
1233222223443210000000000000000000000000000000000000001222345677778888888888888887666666543211110000000000000000000000000001223334445554432111
1233211123333211000000000000000000000000000000000000001233345677777777777777777777777776543222210000000000000000000000000001122233344444332100
1233210122222221100000000000000000000000000000000000001234445676666666666666666667788876543333210000000000000000000000000000111222344333322100
1232210111211122100000000000000000000000000000000000001234555666555555555555555566778876544433210000000000000000000000000000001112333322221100
1222110101110111100000000000000000000000000000000000001234566665544444444444444556678876543332210000000000000000000000000000000012222221111000
1221100000000000000000000000000000000000000000000001111234567655443333333333334455678876543222110000000000000000000000000000000011111111000000
1111000000000000000000000000000000000000000000000011222234567654433222222222233445677776543211100000000000000000000000000000000000001001000000
0110000000000000000000000000000000000000000000000012233334567654332211111111223345676666543210000000000000000000000000000000000000000001000000
1110000000000000000000000000000000000000000000000012334444567654322110000001122345676555543211100000000000000000000000000000000000000000000000
1000000000000000000000000000000000000000000000000012344555567654321101111110112345676544443221000000000000000000000000000000000000000000000000
0000000000000000000000000000000000000000000000000112345566667654321011100111012345676543333321000000000000000000000000000000000000000000000000
0000000000000000000000000000000000000000000000000012345667777654321011100111012345666543222221000000000000000000000000000000000000000000000000
0000000000000000000000000000000000000000000000001112345677887654321101111110112345665543211111000000000000000000000000000000000000000000000000
0110000000000000000000000000000000000000000000001122345678887654322110000001122345665443210110000000000000000000000000000000000000000000000000
0011000000000000000000000000000000000000000000000123345678987654332211111111223345665433211100000000000000000000000000000000000000000000000000
0011000000001000110000000000000000000000000000000123445678987654433222222222233445665432221110000000000000000000000000000000000000000000000000
0011000000111111100000000000000000000000000000000123455678987655443333333333334455665432111010000000000000000000000000000000000000000000000000
0111101001122222100000000000000000000000000000111123456678987665544444444444444556665432100000000000000000000000000000000000000000000000000000
1122101001223332100000000000000000000000000000122223456778887766555555555555555566765432111110000000000000000000000000000000000000000000000000
1222111111233432100000000000000000000000000000123333456777777776666666666666666667765432222110000000000000000000000000000000000100000000000000
1232222222234432100000000000000000000000000001122344456666666677777777777777666666665432222100000000000000000000000000000000011100000011100001
1233333333333332100000000000000000000000000011112345555555555678888887777777655555555432111110000000000000000000000000000000112110111112111111
1234444444443222110000000000000000000000000011012344444444445677888987666666654444444432100000000000000000000000000000000000122211110012222221
1234555555543211110000000000000000000000000001112333333333345667778887655555554333333332100000000000000000000000000000000000111222100112333321
1234566666543210110000000000000000000000000001122223222222345566677777654444444322222222100000000000000000000000000000000000001232111122344321
1234567776543210010000000000000000000000000000111122211112344555666666654333333321111221100000000000000000000000000000000000001232222223344321
1234567876543210000000000000000000000000000000100111110012334445555555554322222321001221000000000000000000000000000000000001001233333333444321
1234567876543211100000000000000000000000000000000000101112233344444444444321112321111121000000000000000000000000000000000011111234444444454321
1234567776543222100000000000000000000000000000000000001111222334333333333321012221100111100000000000000000000000000000000000122234555555554321
1234566676543332111000000000000000000000000000000000000001112233322222222221012111000011100000000000000000000000000000000000112334566666654321
1234555676544432221000000000000000000000000000000000000000011222221111111221011101000000000000000000000000000000000000000000012344567765554321
1234445666555433321110000000000000000000000000000000000000001111111010101111010001000000000000000000000000000000000000000000012344566665444321
1233345555554443322111100000000000000000000000000000000000000010010000000001000000000000000000000000000000000000000000000000112334555555433321
1222344444444333221100000000000000000000000000000000000000000000000000000000000000000000000000000000000000000000000000000000012234444444432221
1112333333333322211000000000000000000000000000000000000000000000000000000000000000000000000000000000000000000000000000000000011233333333332111
1012222222222221110000000000000000000000000000000000000000000000000000000000000000000000000000000000000000000000000000000000001222222222222101
1111111111111111000000000000000000000000000000000000000000000000000000000000000000000000000000000000000000000000000000000000001111111111111111
